DESIGNQA EVALUATION RESULTS:
-*--*--*--*--*--*--*--*--*--*--*--*--*--*--*--*--*--*--*--*-
-*--*--*--*--*--*--*--*--*--*--*--*--*--*--*--*--*--*--*--*-
OVERALL SCORE: 0.4000257832722536
-*--*--*--*--*--*--*--*--*--*--*--*--*--*--*--*--*--*--*--*-
-*--*--*--*--*--*--*--*--*--*--*--*--*--*--*--*--*--*--*--*-
Retrieval Score (Avg F1 BoW): 0.9625330980725653
Compilation Score (Avg F1 Rules): 0
Definition Score (Avg F1 BoC): 0.45939579510934325
Presence Score (Avg Accuracy): 0.4032258064516129
Dimension Score (Average Accuracy): 0.2
Functional Performance Score (Average Accuracy): 0.375
-*--*--*--*--*--*--*--*--*--*--*--*--*--*--*--*--*--*--*--*-



Below scores by subset are provided for diagnostic purposes:
------------------------------------------------------------
RETRIEVAL
------------------------------------------------------------
All F1 BoWs:
[0.0909090909090909, 1.0, 1.0, 0.962962962962963, 1.0, 1.0, 1.0, 1.0, 1.0, 1.0, 1.0, 1.0, 1.0, 1.0, 1.0, 1.0, 1.0, 1.0, 1.0, 1.0, 1.0, 1.0, 1.0, 1.0, 1.0, 1.0, 1.0, 1.0, 1.0, 1.0, 1.0, 1.0, 1.0, 1.0, 1.0, 1.0, 1.0, 1.0, 1.0, 0.9487179487179488, 1.0, 1.0, 1.0, 1.0, 1.0, 1.0, 1.0, 1.0, 1.0, 1.0, 1.0, 1.0, 1.0, 1.0, 0.1, 1.0, 1.0, 1.0, 1.0, 1.0, 1.0, 1.0, 1.0, 1.0, 1.0, 1.0, 1.0, 0.1, 1.0, 1.0, 1.0, 1.0, 1.0, 1.0, 1.0, 1.0, 1.0, 1.0, 1.0, 1.0, 1.0, 1.0, 1.0, 1.0, 1.0, 1.0, 1.0, 1.0, 1.0, 1.0, 1.0, 0.2666666666666667, 0.5641025641025641, 1.0, 1.0, 1.0, 1.0, 1.0, 1.0, 1.0, 1.0, 1.0, 1.0, 1.0, 1.0, 1.0, 1.0, 1.0, 1.0, 1.0, 1.0, 1.0, 1.0, 1.0, 1.0, 1.0, 1.0, 0.9500000000000001, 1.0, 1.0, 1.0, 1.0, 1.0, 1.0, 1.0, 1.0, 1.0, 1.0, 1.0, 0.4, 1.0, 1.0, 1.0, 1.0, 1.0, 1.0, 0.8571428571428571, 1.0, 1.0, 0.9152542372881356, 1.0, 1.0, 1.0, 1.0, 0.85, 1.0, 0.6521739130434783, 0.2666666666666667, 1.0, 1.0, 1.0, 1.0, 1.0, 1.0, 1.0, 1.0, 0.967741935483871, 1.0, 1.0, 1.0, 1.0, 1.0, 1.0, 1.0, 1.0, 1.0, 1.0, 1.0, 1.0, 0.9017341040462429, 1.0, 1.0, 1.0, 1.0, 1.0, 1.0, 1.0, 1.0, 1.0, 1.0, 1.0, 1.0, 1.0, 1.0, 1.0, 1.0, 1.0, 1.0, 1.0, 1.0, 1.0, 1.0, 0.38095238095238093, 0.9871794871794872, 1.0, 1.0, 1.0, 1.0, 1.0, 1.0, 1.0, 1.0, 1.0, 1.0, 1.0, 1.0, 1.0, 1.0, 1.0, 1.0, 1.0, 1.0, 1.0, 1.0, 1.0, 1.0, 1.0, 1.0, 1.0, 1.0, 1.0, 0.8387096774193548, 1.0, 1.0, 1.0, 1.0, 1.0, 0.03636363636363637, 1.0, 1.0, 1.0, 1.0, 1.0, 1.0, 0.34782608695652173, 1.0, 1.0, 1.0, 1.0, 1.0, 1.0, 1.0, 1.0, 1.0, 1.0, 1.0, 1.0, 1.0, 1.0, 1.0, 1.0, 0.9600000000000001, 1.0, 1.0, 1.0, 1.0, 1.0, 1.0, 1.0, 1.0, 1.0, 1.0, 0.34782608695652173, 1.0, 1.0, 1.0, 1.0, 1.0, 1.0, 0.923076923076923, 1.0, 1.0, 1.0, 0.9607843137254902, 0.8648648648648648, 1.0, 1.0, 0.8666666666666666, 1.0, 1.0, 1.0, 1.0, 1.0, 1.0, 1.0, 1.0, 1.0, 1.0, 1.0, 1.0, 1.0, 1.0, 1.0, 1.0, 1.0, 1.0, 1.0, 1.0, 1.0, 1.0, 0.5701357466063349, 1.0, 1.0, 1.0, 1.0, 1.0, 1.0, 1.0, 1.0, 1.0, 1.0, 1.0, 1.0, 1.0, 1.0, 1.0, 1.0, 1.0, 1.0, 1.0, 0.9508196721311475, 1.0, 1.0, 1.0, 1.0, 1.0, 1.0, 1.0, 1.0, 1.0, 1.0, 1.0, 1.0, 1.0, 1.0, 1.0, 1.0, 1.0, 0.14285714285714288, 1.0, 1.0, 1.0, 1.0, 1.0, 1.0, 1.0, 1.0, 1.0, 1.0, 1.0, 1.0, 1.0, 1.0, 1.0, 1.0, 1.0, 1.0, 1.0, 1.0, 1.0, 1.0, 0.6896551724137931, 1.0, 1.0, 1.0, 1.0, 1.0, 1.0, 1.0, 1.0, 1.0, 1.0, 1.0, 1.0, 1.0, 1.0, 1.0, 1.0, 1.0, 1.0, 1.0, 1.0, 1.0, 1.0, 1.0, 1.0, 1.0, 1.0, 1.0, 1.0, 1.0, 1.0, 1.0, 1.0, 1.0, 1.0, 1.0, 1.0, 1.0, 1.0, 1.0, 1.0, 1.0, 1.0, 1.0, 1.0, 1.0, 1.0, 1.0, 1.0, 1.0, 1.0, 1.0, 1.0, 1.0, 1.0, 1.0, 1.0, 1.0, 1.0, 1.0, 1.0, 1.0, 1.0, 1.0, 1.0, 1.0, 1.0, 1.0, 1.0, 1.0, 1.0, 0.13333333333333333, 1.0, 1.0, 1.0, 1.0, 1.0, 1.0, 1.0, 1.0, 1.0, 1.0, 1.0, 1.0, 0.5652173913043478, 1.0, 1.0, 1.0, 1.0, 1.0, 1.0, 1.0, 1.0, 1.0, 1.0, 1.0, 1.0, 0.33333333333333337, 1.0, 1.0, 1.0, 1.0, 0.9579831932773109, 1.0, 1.0, 1.0, 1.0, 0.5306122448979591, 1.0, 1.0, 1.0, 1.0, 1.0, 1.0, 1.0, 1.0, 1.0, 1.0, 1.0, 1.0, 1.0, 1.0, 1.0, 1.0, 1.0, 1.0, 1.0, 1.0, 1.0, 1.0, 1.0, 1.0, 1.0, 1.0, 1.0, 0.945054945054945, 1.0, 1.0, 1.0, 1.0, 0.25, 1.0, 1.0, 1.0, 1.0, 1.0, 1.0, 1.0, 1.0, 1.0, 1.0, 1.0, 1.0, 1.0, 1.0, 1.0, 1.0, 0.5185185185185185, 1.0, 1.0, 1.0, 0.15, 1.0, 1.0, 1.0, 1.0, 1.0, 1.0, 1.0, 1.0, 1.0, 1.0, 1.0, 1.0, 1.0, 1.0, 1.0, 1.0, 1.0, 1.0, 0.5555555555555556, 0.5, 1.0, 1.0, 1.0, 1.0, 1.0, 1.0, 1.0, 1.0, 1.0, 1.0, 1.0, 1.0, 1.0, 1.0, 1.0, 1.0, 1.0, 1.0, 1.0, 1.0, 1.0, 1.0, 1.0, 1.0, 1.0, 1.0, 1.0, 1.0, 1.0, 1.0, 1.0, 1.0, 1.0, 1.0, 1.0, 1.0, 1.0, 1.0, 1.0, 1.0, 1.0, 1.0, 1.0, 1.0, 1.0, 1.0, 1.0, 1.0, 1.0, 1.0, 1.0, 1.0, 1.0, 1.0, 1.0, 1.0, 1.0, 1.0, 1.0, 1.0, 1.0, 1.0, 0.16666666666666669, 1.0, 1.0, 1.0, 1.0, 0.9767441860465117, 1.0, 1.0, 1.0, 1.0, 1.0, 1.0, 0.8421052631578948, 1.0, 1.0, 1.0, 1.0, 1.0, 1.0, 0.25, 1.0, 1.0, 1.0, 1.0, 1.0, 1.0, 1.0, 1.0, 1.0, 1.0, 1.0, 1.0, 1.0, 1.0, 1.0, 1.0, 1.0, 1.0, 0.9672131147540983, 1.0, 1.0, 1.0, 0, 1.0, 1.0, 1.0, 1.0, 1.0, 1.0, 1.0, 0.5555555555555556, 0.5, 1.0, 1.0, 0.47058823529411764, 1.0, 1.0, 1.0, 1.0, 1.0, 1.0, 1.0, 1.0, 1.0, 1.0, 1.0, 1.0, 1.0, 1.0, 1.0, 1.0, 1.0, 1.0, 1.0, 1.0, 1.0, 1.0, 1.0, 0.32, 1.0, 1.0, 1.0, 1.0, 1.0, 1.0, 1.0, 1.0, 0.18181818181818182, 1.0, 1.0, 1.0, 1.0, 1.0, 1.0, 1.0, 1.0, 1.0, 1.0, 1.0, 1.0, 1.0, 1.0, 0.5853658536585366, 1.0, 1.0, 1.0, 1.0, 1.0, 1.0, 1.0, 1.0, 1.0, 1.0, 1.0, 1.0, 1.0, 1.0, 1.0, 1.0, 1.0, 1.0, 1.0, 1.0, 1.0, 1.0, 1.0, 1.0, 1.0, 1.0, 1.0, 1.0, 1.0, 1.0, 1.0, 1.0, 1.0, 1.0, 1.0, 1.0, 1.0, 1.0, 0.5499999999999999, 1.0, 1.0, 1.0, 1.0, 1.0, 1.0, 1.0, 1.0, 1.0, 1.0, 1.0, 1.0, 1.0, 1.0, 1.0, 1.0, 1.0, 1.0, 1.0, 1.0, 1.0, 1.0, 1.0, 1.0, 1.0, 1.0, 1.0, 1.0, 1.0, 1.0, 1.0, 1.0, 1.0, 1.0, 1.0, 1.0, 1.0, 1.0, 1.0, 1.0, 1.0, 0.9696969696969697, 1.0, 1.0, 1.0, 1.0, 1.0, 1.0, 1.0, 1.0, 1.0, 0.9846153846153847, 1.0, 1.0, 1.0, 1.0, 0.5454545454545454, 0.38095238095238093, 1.0, 1.0, 1.0, 1.0, 1.0, 1.0, 1.0, 1.0, 1.0, 1.0, 1.0, 1.0, 1.0, 1.0, 1.0, 1.0, 1.0, 1.0, 1.0, 1.0, 1.0, 1.0, 1.0, 1.0, 0.35555555555555557, 0.12903225806451613, 1.0, 1.0, 1.0, 0.15384615384615385, 1.0, 1.0, 1.0, 1.0, 1.0, 1.0, 1.0, 1.0, 1.0, 1.0, 0.1081081081081081, 1.0, 0.8155339805825244, 1.0, 1.0, 1.0, 1.0, 1.0, 1.0, 1.0, 1.0, 0.25, 1.0, 1.0, 1.0, 0.25, 0.5853658536585366, 1.0, 1.0, 1.0, 1.0, 1.0, 0.35294117647058826, 0.14285714285714288, 0.38095238095238093, 0.35294117647058826, 1.0, 1.0, 1.0, 0.2619047619047619, 1.0, 1.0, 1.0, 1.0, 1.0, 1.0, 1.0, 1.0, 1.0, 1.0, 0.761904761904762, 1.0, 1.0, 1.0, 1.0, 1.0, 1.0, 1.0, 1.0, 1.0, 1.0, 1.0, 1.0, 1.0, 1.0, 1.0, 1.0, 0.14814814814814814, 1.0, 0.819672131147541, 1.0, 0.2727272727272727, 1.0, 1.0, 1.0, 1.0, 1.0, 1.0, 1.0, 1.0, 1.0, 1.0, 1.0, 1.0, 1.0, 1.0, 1.0, 1.0, 1.0, 1.0, 0.76, 1.0, 1.0, 1.0, 1.0, 1.0, 0.968421052631579, 0.25, 1.0, 1.0, 1.0, 1.0, 1.0, 1.0, 1.0, 1.0, 1.0, 1.0, 1.0, 1.0, 1.0, 1.0, 1.0, 1.0, 1.0, 1.0, 1.0, 1.0, 1.0, 1.0, 1.0, 1.0, 1.0, 0.8695652173913044, 1.0, 1.0, 1.0, 1.0, 1.0, 1.0, 0.1904761904761905, 1.0, 1.0, 1.0, 1.0, 1.0, 1.0, 1.0, 1.0, 1.0, 1.0, 1.0, 1.0, 1.0, 1.0, 1.0, 1.0, 1.0, 1.0, 1.0, 1.0, 1.0, 1.0, 1.0, 1.0, 1.0, 1.0, 1.0, 1.0, 1.0, 1.0, 1.0, 1.0, 1.0, 1.0, 1.0, 1.0, 1.0, 1.0, 1.0, 1.0, 1.0, 1.0, 1.0, 1.0, 0.8351648351648352, 1.0, 1.0, 1.0, 1.0, 1.0, 1.0, 1.0, 1.0, 1.0, 1.0, 0.9333333333333333, 1.0, 1.0, 1.0, 1.0, 1.0, 1.0, 1.0, 1.0, 1.0, 0.717948717948718, 1.0, 1.0, 1.0, 1.0, 1.0, 1.0, 1.0, 1.0, 1.0, 1.0, 1.0, 0.1, 1.0, 1.0, 1.0, 1.0, 1.0, 1.0, 1.0, 0.18181818181818182, 1.0, 1.0, 1.0, 1.0, 1.0, 1.0, 1.0, 1.0, 1.0, 1.0, 1.0, 1.0, 1.0, 1.0, 1.0, 1.0, 1.0, 1.0, 1.0, 1.0, 1.0, 1.0, 1.0, 1.0, 1.0, 1.0, 1.0, 1.0, 1.0, 1.0, 1.0, 1.0, 0.2666666666666667, 1.0, 1.0, 1.0, 1.0, 1.0, 1.0, 1.0, 1.0, 1.0, 1.0, 1.0, 0.2222222222222222, 1.0, 1.0, 1.0, 1.0, 1.0, 1.0, 1.0, 1.0, 1.0, 1.0, 1.0, 0.2666666666666667, 1.0, 1.0, 1.0, 1.0, 1.0, 1.0, 1.0, 1.0, 1.0, 1.0, 1.0, 0.25, 1.0, 1.0, 1.0, 1.0, 1.0, 1.0, 1.0, 1.0, 1.0, 1.0, 1.0, 1.0, 1.0, 1.0, 1.0, 1.0, 1.0, 1.0, 1.0, 1.0, 1.0, 1.0, 0.7346938775510204, 1.0, 1.0, 1.0, 1.0, 1.0, 1.0, 1.0, 1.0, 1.0, 1.0, 1.0, 1.0, 1.0, 1.0, 1.0, 1.0, 1.0, 1.0, 1.0, 1.0, 1.0, 1.0, 1.0, 1.0, 0.3076923076923077, 1.0, 1.0, 1.0, 1.0, 1.0, 1.0, 0.41304347826086957, 1.0, 1.0, 1.0, 1.0, 1.0, 0.8767123287671234, 1.0, 0.8848484848484849, 0.8205128205128205, 1.0, 1.0, 1.0, 1.0, 1.0, 1.0, 1.0]
------------------------------------------------------------
COMPILATION
------------------------------------------------------------
All F1 Rules:
[0, 0, 0, 0, 0, 0, 0, 0, 0, 0, 0, 0, 0, 0, 0, 0, 0, 0, 0, 0, 0, 0, 0, 0, 0, 0, 0, 0, 0, 0]
------------------------------------------------------------
DEFINITION
------------------------------------------------------------
Avg F1 BoC on definition-components:
0.4574119407044744
Avg F1 BoC on multimention-components:
0.4638973403525364
Avg F1 BoC on no-mention-components:
0.4437702394224134
All F1 BoC:
[0.33333333333333337, 0.6428571428571429, 0.4, 0.33333333333333337, 0.3157894736842105, 0.3333333333333333, 0.6666666666666667, 0.7000000000000001, 0.30952380952380953, 0.6, 0.6666666666666666, 0.39534883720930236, 0.380952380952381, 0.3157894736842105, 0.5714285714285715, 0.6060606060606061, 0.5555555555555556, 0.6829268292682927, 0.6956521739130436, 0.5333333333333333, 0.29508196721311475, 0.4800000000000001, 0.4444444444444444, 0.2692307692307693, 0.43478260869565216, 0.4166666666666667, 0.3928571428571429, 0.4444444444444445, 0.41176470588235287, 0.14285714285714285, 0.47058823529411764]
------------------------------------------------------------
PRESENCE
------------------------------------------------------------
Avg accuracy on definition-components:
0.25
Avg accuracy on multimention-components:
0.525
Avg accuracy on no-mention-components:
0.1
All accuracies:
[1.0, 1.0, 0, 1.0, 0, 0, 0, 1.0, 0, 0, 0, 0, 0, 1.0, 0, 0, 1.0, 0, 0, 1.0, 1.0, 0, 1.0, 0, 1.0, 1.0, 0, 1.0, 1.0, 1.0, 1.0, 0, 0, 0, 1.0, 0, 0, 1.0, 0, 1.0, 1.0, 0, 0, 1.0, 0, 0, 0, 0, 0, 1.0, 0, 0, 0, 0, 1.0, 0, 0, 1.0, 1.0, 0, 0, 1.0]
------------------------------------------------------------
DIMENSION
------------------------------------------------------------
Avg accuracy directly-dimensioned:
0.225
Avg accuracy scale-bar-dimensioned:
0.15
All accuracies:
[0, 0, 0, 1.0, 0, 0, 0, 0, 1.0, 0, 0, 0, 0, 0, 0, 0, 1.0, 0, 0, 0, 0, 0, 0, 0, 1.0, 0, 0, 0, 1.0, 0, 0, 0, 0, 1.0, 0, 1.0, 0, 0, 0, 1.0, 0, 0, 1.0, 0, 1.0, 0, 0, 0, 1.0, 0, 0, 0, 1.0, 0, 0, 0, 0, 0, 0, 0]
Avg BLEU score:
0.12197940857323694
All BLEU scores:
[0.09284766908852594, 0.15249857033260464, 4.821518465459085e-155, 4.331937573885018e-155, 0.07815912342524065, 0.06872660931989871, 0.09844762529172445, 0.09772613114610833, 0.0776033661966198, 0.10252078087154091, 0.32042555334782025, 0.3252140002437186, 0.07811665668645071, 0.25978132880908555, 0.15615136014397552, 0, 0.09850365626224089, 0.09670176019626493, 0, 0.22949367364990236, 0.18054244221413387, 0.2231222754086866, 0.05574946733380605, 0.12309149097933275, 0.15595698331643024, 0.09860132971832693, 0.2166230974366355, 0.06581489719703366, 5.531253524697244e-155, 0.09679550283649223, 0.11612462533503169, 0, 0.18252590494413184, 3.692077899918465e-155, 0.11090902008066345, 0.21557133228049594, 0.1095171356386787, 0.1923802475610973, 0.19138975058773816, 0.2115429750490405]
Avg ROUGE score:
0.2617808896569997
All ROUGE scores:
[0.20512820028928347, 0.2272727226446282, 0.14492753237555148, 0.21538461137988169, 0.22499999552812505, 0.1666666617166668, 0.2631578909868421, 0.2253521087561992, 0.2456140317636196, 0.27906976341806383, 0.4938271554945893, 0.4117647010380623, 0.2268041197874376, 0.4347826039319471, 0.2941176427897924, 0, 0.34666666263466667, 0.25999999625000003, 0, 0.41758241309020655, 0.4057970966855703, 0.447368416398892, 0.2727272682334711, 0.3103448226813318, 0.2380952340136055, 0.18666666222222233, 0.39999999558200694, 0.15730336618103788, 0.2325581350649, 0.3380281646340012, 0.21951219022903046, 0, 0.3692307644970414, 0.08333332834201419, 0.22641509083659667, 0.34920634448979593, 0.2162162119665612, 0.3076923027744905, 0.29850745793717987, 0.329113919634674]
------------------------------------------------------------
FUNCTIONAL PERFORMANCE
------------------------------------------------------------
All accuraciess:
[0, 1.0, 1.0, 0, 0, 0, 0, 0, 1.0, 0, 0, 0, 1.0, 0, 1.0, 1.0]
Avg BLEU score:
0.15310172811593742
All BLEU scores:
[0.04438858286046289, 0.05360562674188974, 0.5520524474738834, 0.36274904744777736, 0.07557130588382646, 0.06917144638660747, 0.26977461935892966, 0, 0.1258455564269084, 0.24358867592311162, 0.0595299456827376, 0.042657774093984704, 0.2976702788937936, 0.20142304511373235, 0.024162364327087193, 0.027436933240266373]
Avg ROUGE score:
0.2954522625264374
All ROUGE scores:
[0.10526315493696657, 0.12598424900241809, 0.6588235244179932, 0.4554455396137634, 0.22222221807978781, 0.2727272683884298, 0.5822784763018748, 0.0, 0.26865671144575637, 0.49999999531250006, 0.2285714255469388, 0.19047618754251705, 0.5148514802078229, 0.36734693382757183, 0.12499999745000005, 0.10958903834865835]
